Nivel 1
<area target="" alt="a1" title="a1" href="" coords="455,109,440,216,444,226,442,241,452,248,488,255,495,250,499,233,506,227,517,118,507,109,489,106,472,104" shape="poly">
    <area target="" alt="a2" title="a2" href="" coords="552,127,531,236,535,245,533,260,546,269,580,272,591,263,592,250,600,240,610,136,595,128,569,122" shape="poly">
    <area target="" alt="a3" title="a3" href="" coords="222,283,215,318,216,342,334,362,356,356,360,336,360,306,334,295" shape="poly">
    <area target="" alt="a4" title="a4" href="" coords="208,379,202,411,203,436,254,445,326,453,341,445,347,409,343,393,294,387,247,380" shape="poly">
    <area target="" alt="a5" title="a5" href="" coords="189,488,184,525,219,536,296,547,321,546,328,533,330,506,331,490,317,486,298,480,199,468" shape="poly">
    <area target="" alt="a6" title="a6" href="" coords="379,634,380,735,385,750,407,755,428,754,443,747,446,637,441,631,443,615,435,615,429,610,415,607,398,607,391,610,385,617" shape="poly">
    <area target="" alt="a7" title="a7" href="" coords="478,631,477,734,480,745,484,750,498,755,530,754,539,749,541,722,541,639,537,632,536,619,531,610,511,608,495,608,486,610" shape="poly">
    <area target="" alt="a8" title="a8" href="" coords="569,633,571,748,588,754,599,754,622,752,630,749,633,636,629,630,631,619,623,609,599,607,585,607,576,611" shape="poly">
    <area target="" alt="a9" title="a9" href="" coords="679,634,679,748,703,754,716,754,729,753,738,750,742,743,744,637,739,629,739,617,733,610,723,608,712,608,691,608,686,613" shape="poly">
    <area target="" alt="a10" title="a10" href="" coords="785,634,786,744,795,753,816,756,837,753,847,745,850,637,847,630,846,618,838,609,798,607,789,611" shape="poly">
    <area target="" alt="a11" title="a11" href="" coords="887,632,889,750,896,752,902,752,921,755,936,752,946,752,952,740,951,637,950,630,947,617,942,609,928,607,908,607,900,608,892,615" shape="poly">

Nivel 2
<area target="" alt="b1" title="b1" href="" coords="465,112,447,218,450,229,449,243,456,250,490,255,497,252,504,245,511,233,516,180,523,132,519,113,487,107" shape="poly">
    <area target="" alt="b2" title="b2" href="" coords="559,127,536,236,540,246,537,260,549,267,576,274,589,269,594,268,595,253,599,247,614,160,614,140,605,131,588,129,581,128" shape="poly">
    <area target="" alt="b3" title="b3" href="" coords="231,316,241,288,353,296,358,301,372,304,378,313,376,330,375,348,372,356,364,363,349,359,345,364,233,346" shape="poly">
    <area target="" alt="b4" title="b4" href="" coords="226,380,221,403,219,430,229,438,330,454,338,450,350,453,361,444,365,415,358,398,347,395,338,390,266,381" shape="poly">
    <area target="" alt="b5" title="b5" href="" coords="214,471,205,489,204,512,206,530,313,546,323,543,335,548,343,538,348,527,350,506,348,495,338,486,326,483" shape="poly">
    <area target="" alt="b6" title="b6" href="" coords="386,628,387,734,388,748,418,750,440,748,449,740,451,632,446,629,446,613,435,607,419,607,407,607,398,609,390,612" shape="poly">
    <area target="" alt="b7" title="b7" href="" coords="480,630,482,743,496,749,515,748,528,748,542,742,546,633,543,627,539,610,530,607,520,607,510,606,499,604,492,607,487,613,482,622" shape="poly">
    <area target="" alt="b8" title="b8" href="" coords="588,632,592,738,598,745,609,748,620,748,636,748,644,749,651,744,653,719,654,631,650,626,652,616,645,606,611,605,600,606,593,616,595,627" shape="poly">
    <area target="" alt="b9" title="b9" href="" coords="686,629,688,738,691,745,697,746,703,746,713,748,738,747,744,743,748,736,748,730,748,653,750,632,747,627,745,612,735,604,718,604,699,606,690,613" shape="poly">
    <area target="" alt="b10" title="b10" href="" coords="790,630,790,725,793,743,801,750,815,751,828,751,841,750,852,746,856,635,849,628,850,612,837,608,821,607,808,606,801,607,795,612" shape="poly">
    <area target="" alt="b11" title="b11" href="" coords="892,634,893,740,898,749,903,750,918,751,928,751,940,750,948,750,953,745,955,737,957,634,953,631,954,617,949,611,932,608,919,608,910,607,900,611,895,618" shape="poly">

Nivel 3