Nivel 1

 <area target="" alt="" title="" href="" coords="313,204,317,229,317,246,323,270,326,291,327,312,331,337,338,346,358,346,380,340,387,324,383,298,380,278,376,257,376,237,369,214,365,200,356,188,334,196" shape="poly">
    <area target="" alt="" title="" href="" coords="402,190,399,202,401,216,404,230,406,248,408,257,410,273,410,285,410,302,413,318,416,329,424,335,442,336,453,338,466,329,471,320,471,299,469,281,464,263,464,249,462,239,462,230,459,217,459,208,456,198,452,184,441,183,430,181,419,181" shape="poly">
    <area target="" alt="" title="" href="" coords="484,179,482,187,482,199,482,210,487,226,488,241,491,259,492,274,495,292,496,307,500,320,513,322,524,324,535,324,545,320,554,311,554,291,554,278,550,267,547,253,546,235,545,221,543,209,539,198,536,184,534,172,518,170,506,170" shape="poly">
    <area target="" alt="" title="" href="" coords="567,170,564,190,572,217,574,230,577,242,579,262,579,271,579,293,582,306,588,311,601,311,622,311,635,303,636,285,636,267,633,253,631,238,628,223,621,194,619,176,615,163,595,159,582,161" shape="poly">
    <area target="" alt="" title="" href="" coords="650,155,650,167,650,190,655,220,661,248,662,281,667,295,675,299,689,300,704,299,715,291,718,277,716,257,716,238,714,213,709,198,708,183,705,167,703,152,693,145,676,148,665,149" shape="poly">
    <area target="" alt="" title="" href="" coords="736,145,734,165,737,183,744,205,744,224,744,248,750,268,754,292,773,292,783,292,797,285,805,278,808,262,805,245,804,227,801,212,799,195,795,180,794,166,790,147,786,134,772,131,758,131,747,133" shape="poly">
    <area target="" alt="" title="" href="" coords="820,133,824,152,824,165,824,184,824,205,828,226,834,253,844,275,856,278,870,278,882,274,891,270,895,256,895,246,891,227,888,205,885,181,882,166,882,151,881,138,874,125,851,122,837,125" shape="poly">
    <area target="" alt="" title="" href="" coords="909,126,909,143,912,166,916,187,918,217,920,248,927,259,935,266,950,266,968,262,981,252,979,234,974,208,972,185,970,169,970,155,967,134,963,123,960,112,948,111,934,111,918,116" shape="poly">
    <area target="" alt="" title="" href="" coords="997,108,996,122,996,138,1000,163,1003,183,1006,197,1008,226,1010,242,1017,251,1031,251,1047,251,1060,245,1065,233,1065,209,1061,197,1061,177,1058,154,1056,138,1054,119,1047,104,1038,100,1021,100,1006,100" shape="poly">
    <area target="" alt="" title="" href="" coords="1143,291,1155,286,1172,286,1190,286,1215,286,1238,285,1253,285,1273,288,1281,291,1288,300,1288,316,1288,325,1288,336,1274,342,1263,342,1249,343,1233,343,1220,342,1201,342,1186,340,1169,340,1154,340,1143,340,1137,335,1136,325,1136,314,1136,302" shape="poly">
    <area target="" alt="" title="" href="" coords="1140,375,1159,370,1184,368,1202,367,1231,368,1253,368,1269,371,1283,372,1289,381,1289,394,1285,414,1278,422,1259,424,1234,426,1187,424,1173,424,1151,425,1140,425,1139,410,1137,400" shape="poly">
    <area target="" alt="" title="" href="" coords="592,513,590,527,589,544,586,567,586,585,588,598,589,626,586,641,588,660,611,660,629,662,642,659,646,634,646,614,646,595,646,574,644,558,643,545,643,531,643,518,633,512,618,505" shape="poly">
    <area target="" alt="" title="" href="" coords="506,513,506,525,506,538,506,554,506,567,506,584,506,603,506,626,506,637,505,650,516,657,527,660,543,659,557,657,560,646,561,628,564,616,561,599,560,583,559,563,561,552,563,540,563,529,556,515,543,508,527,508,516,508" shape="poly">

Nivel 2

<area target="" alt="" title="" href="" coords="307,208,309,226,311,248,315,270,318,296,322,328,325,349,338,353,358,350,372,345,379,335,376,314,370,286,370,270,370,253,365,231,362,212,356,202,344,197,329,199,318,203" shape="poly">
    <area target="" alt="" title="" href="" coords="392,194,392,209,391,228,395,244,398,263,401,278,401,293,405,313,410,329,415,338,433,340,449,339,458,332,462,317,458,293,453,257,451,241,449,213,444,198,440,188,426,187,412,187" shape="poly">
    <area target="" alt="" title="" href="" coords="" shape="poly">
    <area target="" alt="" title="" href="" coords="473,181,474,199,475,212,480,221,480,241,485,257,487,278,489,292,491,313,495,324,505,328,521,329,532,325,543,321,546,311,546,292,541,266,536,246,535,227,534,213,532,201,531,191,528,179,510,177,492,176" shape="poly">
    <area target="" alt="" title="" href="" coords="559,170,558,180,558,203,560,220,564,233,568,251,569,271,569,285,571,299,574,310,580,317,592,318,609,317,625,306,628,291,627,271,623,255,621,237,618,223,617,212,614,199,614,187,610,167,596,163,580,163" shape="poly">
    <area target="" alt="" title="" href="" coords="643,162,642,179,644,194,646,206,649,223,650,244,650,266,655,280,657,292,658,302,668,309,685,309,697,304,707,300,714,292,714,280,714,263,709,246,709,230,707,213,705,202,703,190,700,176,696,159,691,148,676,148,661,148,654,152" shape="poly">
    <area target="" alt="" title="" href="" coords="730,145,729,166,730,187,734,208,740,239,740,255,743,273,747,289,757,293,773,293,783,289,797,285,799,275,798,255,797,245,794,233,791,217,792,209,790,194,790,177,788,161,783,148,780,141,766,140,751,140" shape="poly">
    <area target="" alt="" title="" href="" coords="819,137,817,155,819,174,823,203,823,221,827,241,831,267,837,280,856,285,870,281,882,274,885,263,885,246,885,231,882,217,880,201,877,185,877,170,876,158,871,141,867,130,849,130,835,130" shape="poly">
    <area target="" alt="" title="" href="" coords="902,126,902,141,906,161,907,179,910,194,910,209,912,226,913,238,914,256,917,268,928,268,941,268,954,268,964,267,974,259,974,239,971,223,968,205,967,188,964,177,963,162,961,141,959,127,957,116,939,115,921,116" shape="poly">
    <area target="" alt="" title="" href="" coords="986,116,989,134,992,154,992,172,996,194,997,210,1001,239,1007,255,1018,257,1029,260,1043,260,1053,253,1058,244,1058,226,1057,206,1054,185,1053,170,1050,155,1046,131,1041,118,1040,105,1025,105,1005,105" shape="poly">
    <area target="" alt="" title="" href="" coords="1136,293,1145,293,1163,291,1188,289,1212,289,1237,292,1255,291,1276,289,1283,300,1285,320,1280,347,1269,345,1252,345,1233,346,1215,347,1201,347,1188,347,1175,347,1159,347,1148,346,1139,343,1133,334,1130,322,1130,313" shape="poly">
    <area target="" alt="" title="" href="" coords="1134,378,1281,429" shape="rect">
    <area target="" alt="" title="" href="" coords="1133,459,1280,515" shape="rect">
    <area target="" alt="" title="" href="" coords="1137,547,1280,596" shape="rect">
    <area target="" alt="" title="" href="" coords="1136,630,1282,682" shape="rect">
    <area target="" alt="" title="" href="" coords="1136,714,1281,765" shape="rect">
    <area target="" alt="" title="" href="" coords="580,518,636,668" shape="rect">
    <area target="" alt="" title="" href="" coords="496,519,552,667" shape="rect">

Nivel 3

    <area target="" alt="" title="" href="" coords="308,197,308,213,312,235,315,271,322,309,325,328,332,336,350,339,369,335,380,329,379,314,376,293,366,203,362,191,352,187,334,187,319,190" shape="poly">
    <area target="" alt="" title="" href="" coords="392,184,391,201,394,223,395,245,398,273,399,284,404,307,408,325,424,328,449,327,459,321,463,304,463,285,459,259,453,238,452,219,452,203,449,190,446,177,427,173,409,177" shape="poly">
    <area target="" alt="" title="" href="" coords="474,175,478,209,481,246,488,274,487,287,495,314,513,317,531,317,543,304,547,281,539,263,538,242,536,224,535,209,534,193,531,182,528,171,524,163,513,163,493,163,485,166" shape="poly">
    <area target="" alt="" title="" href="" coords="559,155,556,176,556,193,557,207,561,229,567,250,568,276,574,290,581,303,597,305,611,303,619,295,629,294,628,277,621,255,621,233,619,219,617,205,613,191,610,179,610,170,611,165,607,151,592,151" shape="poly">
    <area target="" alt="" title="" href="" coords="640,149,640,161,642,183,643,206,650,233,651,254,653,278,660,289,674,294,699,289,708,283,711,265,707,242,703,218,700,200,697,181,697,170,696,159,694,147,682,141,658,141" shape="poly">
    <area target="" alt="" title="" href="" coords="725,137,725,151,728,172,730,202,736,239,740,268,748,281,766,280,782,280,788,273,794,263,794,248,791,230,788,216,788,203,786,191,784,179,783,165,782,156,780,148,777,137,766,130,751,130,741,131" shape="poly">
    <area target="" alt="" title="" href="" coords="815,123,815,136,813,149,817,174,822,198,823,213,827,235,828,255,835,264,845,273,859,270,874,266,884,262,884,246,881,224,873,183,869,158,867,141,864,127,862,119,842,119" shape="poly">
    <area target="" alt="" title="" href="" coords="902,112,899,133,899,148,903,158,906,167,909,185,909,202,909,223,913,242,917,253,928,257,942,257,959,255,968,249,970,231,967,205,964,190,961,167,960,148,957,131,953,107,924,105" shape="poly">
    <area target="" alt="" title="" href="" coords="985,102,983,113,983,133,990,166,994,210,999,233,1003,246,1019,249,1028,245,1043,244,1053,237,1054,221,1055,208,1051,190,1051,180,1051,163,1046,147,1043,136,1041,119,1039,105,1033,95,1015,94,1001,95" shape="poly">
    <area target="" alt="" title="" href="" coords="1129,281,1276,332" shape="rect">
    <area target="" alt="" title="" href="" coords="1130,364,1276,418" shape="rect">
    <area target="" alt="" title="" href="" coords="1128,446,1278,502" shape="rect">
    <area target="" alt="" title="" href="" coords="1130,533,1276,584" shape="rect">
    <area target="" alt="" title="" href="" coords="1129,613,1274,670" shape="rect">
    <area target="" alt="" title="" href="" coords="1133,698,1276,752" shape="rect">
    <area target="" alt="" title="" href="" coords="577,503,635,653" shape="rect">
    <area target="" alt="" title="" href="" coords="495,505,549,650" shape="rect">
    <area target="" alt="" title="" href="" coords="305,532,363,680" shape="rect">